---
12 30-00-00-00 00-10-01-01
12 30-00-00-00 0
12 30-00-00-30 00-30-30-03
12 0 0
6 1003-0020-0120-3000 0020-0012
12 10 02
12 20 0
6 0000-3000 0000-0032-0001-0232
---
6 0000 1132-3030
24 3000 0001
6 0 003
24 0000 3000
6 300 001
12 10 03
12 01 20
12 0 3
---
12 30-00-00-30 03-00-03-03
12 30-00-00-30 03-00-03-03
12 30-00-00-30 03-00-03-03
24 3000 0
6 3000 200
12 12-13 00-30
12 30-00-00-30 03-00-03-03
12 30-00-00-30 03-00-03-03
---
12 0 0
12 0 0
12 03-00 00-03
12 0 0
6 3000-3000-3001-3000 0000-0000-0020-0123
12 03 0
12 01 0
12 0 03
---
12 0 30-33
12 0 0
12 1 0030
12 0 0
12 02 1
12 0 0
12 0 0
6 02 1